100
4
1332
4
9583
3
616
10
1029384756
5
19091
90
526256343464325356243526652623562424432626563622226626435446446636466434524245464255263262
95
94798669598845668945999968758546878664555746786865965857474775995766476467865495794645949456446
98
23444434233233223332222324324423344222323344442223444443332234444244224243344332223424332233442223
94
5575413737532326131733713434615221757427215653626716113371114266577754625161443314145337443272
3
011
3
211
100
0987654321098765432109876543210987654321098765432109876543210987654321098765432109876543210987654321
94
5655656666566655655656555665666666565565666555665565555665556556556666665666655665556656656666
93
423771574411574717541126536147452457317243724321464776174372252251463675353727425733523241552
99
676454744675457567475547747446676444764775745446665446645465776755546556576665645464544646656566675
96
223221213313311221323332322211211322211133111312313332113132122321131121232131233232131112333132
99
532667213721177825214467771452515448124622742237813134362538415518522458457385823128566587387581363
99
353747776584667434433554836563663654486833484768856364577543586647333453435675463356347658564475336
100
5459139998842639933947164786831878557629171727647346765683115788359933382221962754254791184291694274
98
66663345242544444463325364255522336243662665445652355222633463655225552664365432245554262665225566
94
6767668799876868666667888879879689798678699666886868986869666976898869869789998987978696677667
94
7766767676776676667777766777676676766766677676667776776777766667667677777766776766777776677667
98
55443445353435354354435454444553355443433353334344434355455453444535334543434435454545335544353334
100
0123456789012345678901234567890123456789012345678901234567890123456789012345678901234567890123456789
95
76767667677676677766676667677777777666776766677667676777767767767767776776677777677666666776667
96
855887888599885888957786858968575657899769978657986799769899789598757698559877987656657869677987
92
89868868978697976997997868796666879989899888996699886686699788679976977686789797789999768789
97
3327553542347734375354434652257533322322266757456757472332764655537735244544756244733756646764265
95
25644411863714142457738325278113755767688373824236447284618746557135618114872545531376164332621
95
34344334333443444333333444444344433344333333433433433334443434333334433343433444343443434344434
98
15263366471654572457115457775744742264457545265464534414673224466126371641275751537521523776263745
2
10
93
958585975868797555789765958559668696789858697785878696786887696755688668895595556786676875556
100
3544555334555343434535453345445455555443435444555553444433533545444335554344334355443535334543433354
95
77676776777666666676676676676777767767667677667767667767777677767776767777767776777776667676777
97
7989878999898789978998987977898978989788979798888789778979988877888787799898787998789977998897988
99
100102121121020111120122121011202110122010200010012200222001201020020200000001222010212120211201022
2
01
96
005660180436723641741776124754865576715242310348364337433808386001163538751041448046201850857584
100
5455545566564555656546546454566566455544466444466546644554664445646464646544655546656564566665464564
97
7667788678776767786778866887668687786678768868787778877876666666768877878868767777887887888788766
92
97978888889797789879988778999997779788988798798879889987797778898779899898897999879998877799
94
0101001011101100101100100000001100101010110101000001100100001011101000100100000001111000000010
15
222229888888811
98
32331322121311332121113331111313321131331111112211222311231131332122211333231231332312232211313113
91
3644565645665535555534544356344354644633545534664354645365545653636436565546544643363363566
91
2211111221122221122222122211122122112212121211211222222211211121111211211121111121211112121
98
64446464645644564644456655444554446564544566545555444565566544654556455665666654566664645645645566
94
6565656656666565666566665665565566556566655666565555665665566655555666656556556555556665555555
94
2222232332323233323333233233223323232222332322332223222323322323332322233233323333322322232232
99
634546624422566444455246353465365232443265325262464434225552344253424443633623322234543325246423623
100
9999999999999999999999999999999999999999999999999999999999999999999999999999999999999999999999999999
98
44424264243664536346344256224345335446623644323642433523624366644353632632465326644553332356332664
2
00
100
4955895557127412591939158811198585742446747828842275777344665554199294835241647199827656874793375291
96
012000001021011121122001221002222121102100212210221222101211021221202202212112120120102002222200
92
32646566431536545331661561563526136616461343112235345655323646526254662523432132166223621214
93
433151541213142123224441415431323414135441233541132422453323245122315153212335412154122532233
99
486167383455385754558475874143462283322884681882833347165557358272251723647523137172411734886725184
99
444343433433443343344334434343343344433444344344334333334444434433333343343443433443343334443433333
100
3176446537751721322114314664326356133617363413664243122532426413551331661321326376572764215532743633
94
5023251645320356406521464335311564462655220652452016460303142322244363346462420266235155562216
94
3333121331132212131312332311133231333222121313113323322311313113113322121212132333313323111122
94
7798779729958774393785587424948894262295844844823384727334778299345629264286845276987479888854
91
4344334343344443444333444444444333334433333343334334444343343344334433443433343343433343433
97
3128353472422282471328737255314275352755373576386232722834755763841742377424256371477143684284286
96
434533557654535257373742374655787584828626747224334777523344688325746844668544278278675878837855
99
546464554656664444445666456546465646456466646565554666465654464565666455465456555464566464555556565
91
5522246625653564242365632465323623453555634325324645652363655552656366432366655325562646243
3
001
3
110
100
8193576611359731889184987637399965761932763459743392511982952757114675384916939997353589879498887522
7
9000555
95
88686568777767655777677885587856676677777878778865576885888778787687656665888668788755788586686
90
678439933944587633948574989978787877869783874568697469394993638857836793476556883638774396
100
0000000000000000000000000000000000000000000000000000000000000000000000000000000000000000000000000000
95
88998989988898899998889989988889888988989888998888899899988999999989999998988899898999999988999
100
0000000000111111111122222222223333333333444444444444444444443333333333222222222211111111110000000000
91
7261733262241363655174657661111411214727265166363341112732633247533471635174242236225145637
3
112
97
1101001101011101000001100101011011100111010111010111000000000101110100001110100111110000111111011
96
534432646137577735446261565441614743332612565673427435212343631522257576414246775772137436521354
91
3675656554564736335755555573545664344676573453655474746545634553366445347576757366344335346
93
020202000021122111200220110221222002111221011021100001101100201110101211201112110012011221012
91
2213313213222232223322332132211133321333222123213211312311313133131113132211332221311323121
90
645636554555353635454436553353465344633654645645654365466643336365566466446346544355566636
93
753625746642634667765767253762372753664552263263777476375432577476755353535756725626352735424
94
4331222344324242321133422432232414211131413312423323234124342122143114213322332323234432332121
100
1521116152665412463144555144636445336361544421435234344632143352564615263251211131642251361164534324
95
12444453334424543412355421552553345251355423444314434152445511253433354411541555132123341541415
98
56474254014533030162030740215333771034311327764711403154132122030177056530105357122040701131560360
94
6788986366966732659269443544886429622985824473655855793599366622573434678478674288589496683666
90
484588485887873563433677453785684754566363888757543543555447586655456336778373473484535557
97
3837786635845788874876564366876568348863643538535475737653448345655584835786633443746868356554437
97
7788877787787888787788888878788788788878877887877888777878877878778778888788787788887788778777887
99
676775567765767677756767766565566756677665556575575666766655665666755555765676675577565657677655556
91
3141144440311432231421241043302000332432103241214302424140031320404434102110121320142413210
96
665565656556556656665656665666655556556565655666566565566656556655565555665565666665665656556666
94
6273513685356722345573258264841135164378732655613866464422757576815111478251764662272311326752
100
2335252422245453424322445243534545443224423422235342552444233353325555535523352434555243223433325443
